6.123233995736766E-15 100.0
6.735557395310443E-15 110.0
6.735557395310443E-15 110.0
5.877852522924739 118.09016994374947
5.877852522924739 118.09016994374947
15.388417685876274 121.18033988749895
15.388417685876274 121.18033988749895
24.898982848827806 118.09016994374947
24.898982848827806 118.09016994374947
30.77683537175254 110.0
30.77683537175254 110.0
30.77683537175254 100.0
30.77683537175254 100.0
24.89898284882781 91.90983005625053
24.89898284882781 91.90983005625053
15.388417685876275 88.81966011250105
15.388417685876275 88.81966011250105
5.877852522924739 91.90983005625053
5.877852522924739 91.90983005625053
6.217248937900877E-15 100.0
6.217248937900877E-15 100.0
4.380278739179847E-15 110.0
4.898587196589413E-15 80.0
30.000000000000004 80.0
30.000000000000004 80.0
30.000000000000007 0.0
30.000000000000007 0.0
7.105427357601002E-15 -3.67394039744206E-15
7.105427357601002E-15 -3.67394039744206E-15
-7.590334232167235E-15 80.0
-7.590334232167235E-15 80.0
29.999999999999993 80.00000000000001
29.999999999999993 80.00000000000001
30.000000000000018 1.4210854715202004E-14
4.898587196589413E-15 80.0
-10.606601717798206 90.60660171779821
-10.606601717798206 90.60660171779821
-38.890872965260115 62.32233047033631
-38.890872965260115 62.32233047033631
-28.284271247461906 51.7157287525381
-28.284271247461906 51.7157287525381
3.552713678800501E-15 80.0
3.552713678800501E-15 80.0
-10.606601717798197 90.60660171779823
-10.606601717798197 90.60660171779823
-38.89087296526014 62.32233047033637
30.000000000000004 80.0
40.60660171779821 90.60660171779821
40.60660171779821 90.60660171779821
68.89087296526012 62.32233047033631
68.89087296526012 62.32233047033631
58.2842712474619 51.7157287525381
58.2842712474619 51.7157287525381
29.999999999999993 80.0
29.999999999999993 80.0
40.6066017177982 90.60660171779821
40.6066017177982 90.60660171779821
68.89087296526012 62.32233047033632
0.0 0.0
-14.488887394336025 3.8822856765378084
-14.488887394336025 3.8822856765378084
-35.19441100253768 -73.39178042658766
-35.19441100253768 -73.39178042658766
-20.705523608201652 -77.27406610312546
-20.705523608201652 -77.27406610312546
7.105427357601002E-15 0.0
7.105427357601002E-15 0.0
-14.488887394336018 3.882285676537812
-14.488887394336018 3.882285676537812
-35.19441100253769 -73.39178042658764
30.0 0.0
42.99038105676658 7.499999999999999
42.99038105676658 7.499999999999999
82.99038105676658 -61.7820323027551
82.99038105676658 -61.7820323027551
70.0 -69.2820323027551
70.0 -69.2820323027551
30.00000000000003 1.4210854715202004E-14
30.00000000000003 1.4210854715202004E-14
42.99038105676661 7.500000000000009
42.99038105676661 7.500000000000009
82.99038105676658 -61.782032302755105
